1 2
1 4
1 6
1 7
1 10
1 13
1 17
1 18
1 19
1 22
2 1026
2 2051
2 3076
2 3077
2 3078
2 2305
2 3080
2 2572
2 1549
2 531
3 1
3 2050
3 2051
3 2053
3 2054
3 2059
3 2060
3 2061
3 2062
3 2064
4 2050
4 2051
4 2053
4 2054
4 1025
4 11
4 2060
4 1026
4 2062
4 2064
5 409
5 2049
5 2053
5 2054
5 1025
5 2061
5 2064
5 2065
5 2069
5 22
6 1536
6 768
6 1026
6 2051
6 3076
6 1541
6 1543
6 3080
6 3081
6 2570
7 3
7 4
7 7
7 8
7 10
7 11
7 13
7 14
7 15
7 17
8 2048
8 3
8 2054
8 8
8 2059
8 2060
8 3074
8 2064
8 17
8 18
9 2049
9 2054
9 2059
9 2060
9 3074
9 2064
9 17
9 18
9 2070
9 23
10 1
10 2
10 2051
10 4
10 2053
10 6
10 7
10 10
10 2059
10 2060
11 1
11 2050
11 2051
11 2059
11 2060
11 2061
11 2062
11 2078
11 2081
11 2082
12 2054
12 2059
12 2060
12 3074
12 2064
12 17
12 18
12 2070
12 23
12 25
13 2052
13 2053
13 2733
13 2064
13 18
13 2078
13 31
13 2081
13 40
13 48
14 20
14 22
14 29
14 30
14 40
14 46
14 48
14 49
14 59
14 63
15 2053
15 2060
15 2061
15 2065
15 20
15 1028
15 2081
15 689
15 2092
15 2094
16 2048
16 2050
16 2051
16 2054
16 1025
16 2059
16 2060
16 3074
16 2064
16 17
17 2053
17 2054
17 11
17 14
17 2064
17 2065
17 18
17 2079
17 35
17 46
18 1
18 2050
18 2051
18 2053
18 2054
18 3073
18 2059
18 2060
18 2061
18 14
19 1091
19 2052
19 2053
19 2055
19 2056
19 2057
19 2058
19 2391
19 2060
19 2061
20 22
20 29
20 30
20 40
20 48
20 49
20 63
20 70
20 96
20 111
21 2
21 4
21 6
21 7
21 10
21 13
21 19
21 22
21 23
21 29
22 2
22 4
22 6
22 7
22 10
22 13
22 19
22 22
22 23
22 29
23 2
23 4
23 6
23 7
23 10
23 13
23 19
23 22
23 23
23 29
24 2050
24 2051
24 2054
24 2060
24 2062
24 2065
24 20
24 2080
24 40
24 2092
25 2048
25 409
25 2
25 4
25 2053
25 6
25 2055
25 10
25 2060
25 13
26 2054
26 2059
26 2060
26 3074
26 2064
26 17
26 18
26 2070
26 23
26 25
27 2054
27 2059
27 2060
27 3074
27 2064
27 17
27 18
27 2070
27 23
27 25
28 29
28 30
28 36
28 112
28 124
28 125
28 126
28 127
28 128
28 129
29 29
29 30
29 40
29 46
29 63
29 71
29 78
29 96
29 104
29 112
30 3072
30 2050
30 2051
30 2054
30 2060
30 2064
30 2065
30 18
30 2070
30 25
31 2048
31 2049
31 2050
31 2051
31 5
31 2054
31 2905
31 2059
31 2060
31 2
32 3
32 16
32 26
32 28
32 29
32 30
32 35
32 39
32 42
32 48
33 2048
33 2049
33 2050
33 2051
33 2052
33 5
33 2054
33 2059
33 2060
33 3074
34 2373
34 1026
34 1028
34 5
34 2305
34 1032
34 1111
34 1037
34 1042
34 1555
35 1
35 21
35 29
35 30
35 44
35 54
35 55
35 56
35 62
35 64
36 1
36 29
36 30
36 40
36 54
36 82
36 93
36 99
36 112
36 123
37 2433
37 2049
37 2050
37 2051
37 2052
37 2053
37 2054
37 1025
37 2059
37 2060
38 2051
38 2053
38 2060
38 2061
38 2062
38 2064
38 2065
38 24
38 2078
38 33
39 2048
39 1
39 2050
39 2051
39 2052
39 2054
39 2059
39 2060
39 3074
39 2062
40 409
40 3072
40 2050
40 2051
40 68
40 2049
40 2059
40 2060
40 2061
40 2062
41 11
41 14
41 18
41 20
41 25
41 27
41 29
41 30
41 39
41 40
42 2048
42 2
42 3
42 4
42 2053
42 6
42 7
42 10
42 2060
42 13
43 2050
43 4
43 2053
43 6
43 7
43 10
43 2060
43 2
43 2062
43 2064
44 2050
44 4
44 2053
44 6
44 7
44 10
44 2060
44 2
44 2062
44 2065
45 2048
45 2053
45 2054
45 2055
45 75
45 2059
45 2060
45 3074
45 2062
45 2064
46 2048
46 2049
46 2050
46 2053
46 2055
46 2059
46 2062
46 1709
46 2064
46 2065
47 2048
47 2051
47 2053
47 2054
47 2055
47 2062
47 2064
47 2065
47 18
47 2070
48 2
48 3
48 4
48 6
48 7
48 8
48 10
48 11
48 13
48 14
49 2048
49 68
49 2053
49 2054
49 2060
49 2064
49 2065
49 18
49 2070
49 25
50 2053
50 2054
50 1025
50 2060
50 2064
50 2070
50 2080
50 2082
50 2092
50 46
51 29
51 30
51 46
51 82
51 112
51 124
51 125
51 126
51 127
51 128
52 2560
52 2561
52 3075
52 1541
52 1542
52 1032
52 3081
52 2571
52 2062
52 1552
53 3
53 2052
53 2055
53 2058
53 2059
53 2060
53 2065
53 2051
53 2081
53 2092
54 1
54 2050
54 2051
54 4
54 2053
54 2054
54 7
54 8
54 10
54 11
55 1
55 2050
55 2051
55 2052
55 2059
55 2060
55 2061
55 2078
55 1029
55 2081
56 1
56 2050
56 2051
56 2052
56 2054
56 2059
56 2060
56 2061
56 21
56 2078
57 1
57 2
57 3
57 4
57 5
57 6
57 7
57 8
57 9
57 10
58 5
58 18
58 25
58 27
58 29
58 30
58 35
58 39
58 40
58 42
59 1
59 11
59 14
59 16
59 20
59 26
59 28
59 35
59 39
59 40
60 2
60 4
60 6
60 7
60 10
60 13
60 18
60 19
60 22
60 23
61 2049
61 2050
61 2051
61 2052
61 2053
61 1025
61 2057
61 1026
61 2062
61 2064
62 2051
62 2052
62 2053
62 2054
62 2057
62 2059
62 2060
62 1028
62 2076
62 2077
63 2
63 4
63 6
63 7
63 10
63 13
63 19
63 22
63 23
63 29
64 1024
64 2561
64 3074
64 2051
64 3076
64 1878
64 2570
64 1035
64 2572
64 1549
