1 1591
1 2344
1 1680
1 1844
1 1938
1 2319
1 1605
1 1827
1 3112
1 1572
2 1591
2 2645
2 1625
2 3202
2 1183
2 1705
2 1305
2 1315
2 2439
2 3077
3 1366
3 1098
3 2316
3 2603
3 2705
3 2645
3 1135
3 1703
3 2317
3 1350
4 2342
4 3043
4 3018
4 2096
4 2377
4 2702
4 1135
4 2196
4 2438
4 2812
5 2003
5 2035
5 2629
5 1188
5 1829
5 2106
5 2145
5 2357
5 2534
5 2542
6 2753
6 2826
6 2828
6 3035
6 1543
6 2078
6 2721
6 2230
6 2873
6 2931
7 3043
7 3077
7 2342
7 1771
7 3014
7 2902
7 2912
7 3104
7 2273
7 2317
8 2776
8 2951
8 2625
8 2499
8 1685
8 1695
8 2197
8 2198
8 2500
8 3068
9 2776
9 2849
9 3068
9 2372
9 2951
9 1685
9 1695
9 2197
9 2198
9 2870
10 1366
10 1098
10 2316
10 2603
10 2705
10 2851
10 3077
10 1601
10 2645
10 2406
11 2923
11 1366
11 3077
11 2316
11 1098
11 2208
11 3148
11 3150
11 2705
11 2198
12 3068
12 1462
12 2319
12 2198
12 2882
12 2985
12 2127
12 2138
12 2740
12 3127
13 2897
13 48
13 1362
13 1652
13 1901
13 2711
13 3080
13 2078
13 1066
13 3129
14 3011
14 2263
14 2289
14 2674
14 2876
14 2692
14 2884
14 2902
14 3166
14 1724
15 2344
15 3125
15 2835
15 2701
15 2851
15 2940
15 2923
15 1961
15 3080
15 2065
16 2740
16 2985
16 2160
16 1135
16 855
16 1032
16 1324
16 1846
16 2198
16 2342
17 2897
17 48
17 1362
17 1652
17 2106
17 2491
17 1676
17 1223
17 3005
17 2527
18 2897
18 1811
18 48
18 1362
18 1366
18 1665
18 1098
18 2316
18 2714
18 1652
19 3166
19 2692
19 2884
19 2902
19 1601
19 2263
19 2767
19 2289
19 2273
19 2950
20 2289
20 3152
20 2177
20 2273
20 3166
20 2884
20 2902
20 2081
20 2630
20 2692
21 3166
21 2884
21 2902
21 2950
21 2263
21 2273
21 2289
21 2645
21 2692
21 2702
22 2751
22 2924
22 1771
22 2188
22 2674
22 2535
22 2692
22 2902
22 1172
22 1543
23 2709
23 3166
23 1525
23 2884
23 3011
23 2902
23 1862
23 2263
23 2767
23 2273
24 2342
24 3043
24 2376
24 3128
24 1696
24 2740
24 1748
24 1135
24 1846
24 3141
25 2812
25 3136
25 2535
25 2985
25 1653
25 2344
25 2852
25 1771
25 2318
25 1543
26 1290
26 1476
26 2314
26 2709
26 2985
26 3068
26 1462
26 1591
26 2198
26 2319
27 3011
27 2798
27 2669
27 2902
27 2918
27 2198
27 2358
27 2859
27 2988
27 1725
28 2890
28 3032
28 2949
28 2776
28 3134
28 1685
28 1695
28 2197
28 2358
28 2849
29 2229
29 1933
29 2146
29 2884
29 2902
29 3166
29 1924
29 2200
29 2263
29 2273
30 1856
30 2882
30 2198
30 2985
30 2127
30 2314
30 3150
30 1324
30 1572
30 2138
31 3047
31 533
31 1261
31 1543
31 1686
31 2188
31 2893
31 1098
31 1359
31 1381
32 2289
32 3139
32 3098
32 1905
32 1924
32 2177
32 2273
32 2569
32 2596
32 2606
33 2887
33 2697
33 1404
33 2805
33 2081
33 2325
33 2554
33 1809
33 2884
33 2923
34 1524
34 1644
34 397
34 1620
34 1643
34 1726
34 2266
34 1386
34 1946
34 1440
35 1386
35 1397
35 2263
35 2850
35 3071
35 1946
35 2146
35 2167
35 2767
35 2884
36 1350
36 2061
36 1265
36 2110
36 2030
36 1162
36 2739
36 1012
36 1454
36 1768
37 2265
37 2406
37 2470
37 2651
37 696
37 1591
37 2376
37 2046
37 2342
37 2002
38 2651
38 2406
38 2046
38 3103
38 1359
38 696
38 2958
38 2265
38 3031
38 2470
39 2406
39 2651
39 3103
39 2046
39 1098
39 2178
39 2265
39 696
39 2958
39 1359
40 2406
40 1098
40 2651
40 1588
40 2046
40 2198
40 1470
40 2265
40 2314
40 696
41 2342
41 2499
41 3043
41 2376
41 2851
41 2884
41 2911
41 3128
41 2902
41 1846
42 2215
42 2535
42 1653
42 2402
42 1771
42 462
42 1543
42 2344
42 678
42 2812
43 1366
43 1771
43 1404
43 1554
43 1844
43 2812
43 1543
43 2181
43 2494
43 2535
44 1404
44 1771
44 2812
44 1366
44 2181
44 2494
44 2535
44 1543
44 1003
44 2310
45 1412
45 2344
45 1976
45 1032
45 2542
45 3002
45 1194
45 1591
45 1680
45 2319
46 1457
46 2990
46 1032
46 1653
46 329
46 3134
46 1516
46 2217
46 891
46 1267
47 2726
47 1194
47 2344
47 2598
47 1591
47 1680
47 3134
47 2288
47 2542
47 2990
48 1066
48 1771
48 2406
48 2314
48 3130
48 1433
48 2592
48 2899
48 696
48 1543
49 3134
49 2882
49 1032
49 2288
49 2985
49 2990
49 1457
49 1699
49 891
49 2358
50 1811
50 3134
50 2288
50 891
50 1457
50 1032
50 1699
50 2714
50 2882
50 1516
51 1811
51 1665
51 2714
51 3006
51 3075
51 3166
51 2902
51 2692
51 2884
51 1601
52 1366
52 2721
52 3070
52 1030
52 1928
52 2749
52 3048
52 1637
52 2970
52 1572
53 2981
53 495
53 2210
53 2986
53 1924
53 1948
53 68
53 2327
53 2420
53 2931
54 2406
54 3077
54 1098
54 2651
54 1470
54 2314
54 2958
54 2046
54 2470
54 2705
55 1366
55 1098
55 2316
55 3064
55 1665
55 1886
55 2603
55 1135
55 2705
55 1846
56 1366
56 1098
56 2327
56 2931
56 2316
56 2645
56 3077
56 2323
56 2705
56 2603
57 3077
57 1771
57 2802
57 3140
57 1458
57 2518
57 2705
57 2922
57 2943
57 71
58 1591
58 3049
58 3087
58 2188
58 2379
58 2542
58 1680
58 2319
58 2592
58 2003
59 1665
59 1681
59 2739
59 1162
59 3134
59 2127
59 891
59 1456
59 1457
59 1527
60 1844
60 695
60 3087
60 2967
60 3011
60 2424
60 3092
60 1591
60 2002
60 2593
61 3134
61 2711
61 2882
61 2033
61 2437
61 2288
61 2451
61 1032
61 3129
61 1236
62 1961
62 2931
62 1856
62 2216
62 2327
62 2342
62 2702
62 2709
62 2714
62 675
63 2884
63 3166
63 2263
63 2289
63 2692
63 2902
63 2767
63 2273
63 2679
63 2851
64 1588
64 527
64 3112
64 2723
64 1549
64 3106
64 1853
64 1878
64 2513
64 1051
