1 2
1 2052
1 2053
1 2054
1 2062
1 2064
1 2065
1 3075
1 2070
1 2075
2 3077
2 1542
2 3080
2 1549
2 531
2 1046
2 1564
2 3078
2 2092
2 2096
3 2051
3 3077
3 1035
3 2060
3 2061
3 2062
3 2339
3 2066
3 3099
3 1565
4 409
4 2054
4 1025
4 11
4 2060
4 1026
4 14
4 20
4 2076
4 2077
5 2053
5 2054
5 3073
5 2061
5 22
5 23
5 2077
5 2083
5 40
5 46
6 1541
6 1543
6 530
6 531
6 1046
6 2078
6 2092
6 3117
6 1083
6 2314
7 3
7 2053
7 1025
7 2059
7 2060
7 3074
7 2051
7 20
7 2073
7 28
8 2048
8 3
8 2054
8 8
8 2059
8 2060
8 18
8 25
8 2080
8 36
9 2059
9 18
9 25
9 2080
9 36
9 3078
9 46
9 2095
9 52
9 820
10 1536
10 3073
10 2051
10 3077
10 1543
10 3081
10 2570
10 1035
10 2060
10 3085
11 2560
11 2051
11 3077
11 1542
11 1032
11 1035
11 1552
11 1553
11 1043
11 3092
12 18
12 25
12 2080
12 3078
12 46
12 2095
12 2106
12 59
12 2111
12 2127
13 3072
13 3074
13 3075
13 2052
13 1878
13 1030
13 3080
13 2569
13 3083
13 2030
14 2050
14 2051
14 2053
14 2064
14 2065
14 22
14 2081
14 40
14 2092
14 2094
15 1366
15 3080
15 1111
15 1548
15 3085
15 3087
15 1552
15 2065
15 1045
15 2582
16 2048
16 1025
16 2060
16 1026
16 2065
16 18
16 20
16 25
16 2163
16 3077
17 2433
17 1029
17 2054
17 3080
17 1033
17 1549
17 1551
17 2064
17 1553
17 3094
18 2051
18 3073
18 11
18 2060
18 14
18 2064
18 2078
18 31
18 2080
18 2084
19 1536
19 2561
19 3075
19 2053
19 3073
19 2570
19 2647
19 2060
19 1551
19 1554
20 2561
20 3075
20 2052
20 3077
20 2568
20 2570
20 2059
20 3085
20 1551
20 3088
21 2053
21 2054
21 2061
21 2081
21 2092
21 2094
21 2110
21 2111
21 2114
21 1035
22 4
22 2053
22 2054
22 7
22 10
22 13
22 2062
22 2065
22 19
22 22
23 2053
23 2060
23 2064
23 2078
23 2081
23 2092
23 2094
23 52
23 2110
23 2111
24 3072
24 3073
24 1540
24 1541
24 3078
24 3081
24 2060
24 2062
24 2065
24 1554
25 2048
25 4
25 2053
25 2054
25 7
25 10
25 13
25 2062
25 2065
25 18
26 2059
26 2060
26 18
26 25
26 2080
26 2083
26 3078
26 46
26 2095
26 691
27 2065
27 18
27 25
27 2080
27 2081
27 3078
27 2092
27 46
27 2095
27 3080
28 2053
28 2059
28 2064
28 2070
28 2081
28 36
28 2092
28 690
28 2094
28 2096
29 2053
29 2078
29 2081
29 2083
29 2087
29 40
29 2089
29 2092
29 46
29 2095
30 2050
30 2060
30 18
30 25
30 2080
30 3078
30 2092
30 2094
30 2095
30 1032
31 2050
31 2051
31 5
31 2054
31 2
31 2064
31 2065
31 22
31 1029
31 2081
32 2048
32 2049
32 3
32 2052
32 2053
32 2055
32 2058
32 2059
32 2060
32 16
33 2049
33 2050
33 2052
33 2054
33 12
33 2062
33 2064
33 2065
33 2073
33 27
34 5
34 1031
34 1032
34 1623
34 1037
34 531
34 1046
34 1051
34 2906
34 1566
35 1
35 21
35 29
35 30
35 44
35 54
35 55
35 62
35 64
35 89
36 1
36 29
36 30
36 40
36 54
36 82
36 93
36 99
36 112
36 123
37 2050
37 2051
37 2053
37 2054
37 2059
37 2060
37 3074
37 2062
37 2064
37 2065
38 2051
38 2053
38 2060
38 2062
38 2064
38 2065
38 24
38 2078
38 33
38 2082
39 2051
39 2059
39 2060
39 2061
39 2062
39 2064
39 2065
39 2078
39 2081
39 2082
40 1024
40 2051
40 2060
40 2062
40 2064
40 2065
40 2078
40 33
40 2082
40 2083
41 2053
41 2059
41 2060
41 2065
41 18
41 20
41 25
41 27
41 2080
41 2081
42 2048
42 3
42 4
42 2053
42 2054
42 7
42 10
42 13
42 2062
42 2065
43 2
43 4
43 2053
43 6
43 7
43 10
43 2050
43 2062
43 2064
43 2065
44 2050
44 4
44 2053
44 2054
44 7
44 10
44 13
44 2062
44 2065
44 19
45 2048
45 2053
45 2054
45 2059
45 2064
45 17
45 2070
45 23
45 2075
45 2080
46 2048
46 2050
46 2053
46 2059
46 2062
46 2064
46 18
46 2070
46 1028
46 2078
47 2048
47 2051
47 2053
47 2054
47 2064
47 2065
47 2070
47 2075
47 32
47 2082
48 4
48 7
48 10
48 11
48 13
48 14
48 17
48 19
48 22
48 23
49 2048
49 68
49 2053
49 2060
49 2064
49 18
49 2070
49 25
49 2080
49 2082
50 2053
50 1025
50 2060
50 2064
50 2070
50 2080
50 2082
50 2092
50 2096
50 2106
51 1536
51 2561
51 3075
51 2053
51 3078
51 3073
51 2570
51 2135
51 2060
51 1923
52 643
52 1541
52 1030
52 2951
52 1288
52 2955
52 2188
52 1165
52 1166
52 1261
53 3
53 2052
53 2055
53 2058
53 2059
53 2060
53 2065
53 2081
53 2092
53 48
54 2051
54 4
54 2053
54 7
54 10
54 11
54 2060
54 13
54 14
54 2064
55 2560
55 2051
55 2052
55 3077
55 2567
55 3082
55 1035
55 1551
55 3094
55 3096
56 3188
56 2051
56 2052
56 3077
56 2054
56 1
56 2568
56 2059
56 2060
56 2061
57 1
57 2
57 3
57 4
57 5
57 6
57 7
57 8
57 9
57 10
58 2052
58 2053
58 2054
58 3199
58 2060
58 2061
58 2062
58 2283
58 2064
58 2065
59 68
59 1
59 2050
59 2051
59 2455
59 2053
59 2054
59 2059
59 2060
59 2061
60 2050
60 2051
60 2054
60 2059
60 2
60 2064
60 2065
60 18
60 2070
60 25
61 2050
61 2052
61 2053
61 1026
61 2062
61 2064
61 2065
61 2067
61 2070
61 858
62 2054
62 2057
62 2059
62 2060
62 2076
62 2077
62 2080
62 2081
62 2094
62 2095
63 2053
63 2060
63 2062
63 2076
63 3077
63 2080
63 2081
63 34
63 35
63 42
64 1024
64 2561
64 3074
64 2051
64 2902
64 2570
64 1035
64 1549
64 527
64 1046
