1 1046
1 397
2 1046
2 397
3 1154
3 799
3 265
3 2629
3 1223
3 1988
3 252
3 1029
3 3115
3 205
4 2377
4 2939
4 1135
4 3128
4 2314
4 2060
4 483
4 2870
4 2626
4 2931
5 3011
5 3050
5 2321
5 1978
5 1238
5 1829
5 2035
5 2786
5 3147
5 1409
6 2826
6 435
6 492
6 1867
6 438
6 1543
6 1014
6 1234
6 605
6 1664
7 3043
7 1623
7 2912
7 3128
7 2949
7 3006
7 1698
7 616
7 2317
7 2111
8 2625
8 2541
8 1869
8 912
8 492
8 40
8 2194
8 2830
8 2860
8 332
9 2849
9 1846
9 3068
9 3137
9 2372
9 2358
9 2621
9 3158
9 3177
9 2454
10 2514
10 2785
10 2266
10 3075
10 2851
10 1795
10 2895
10 1846
10 2175
10 2342
11 2699
11 2906
11 724
11 2091
11 3171
11 1923
11 2956
11 2717
11 3077
11 2198
12 3127
12 2246
12 3196
12 1930
12 2080
12 2095
12 2184
12 2317
12 2320
12 2374
13 1947
13 3080
13 2433
13 1807
13 3054
13 2716
13 2929
13 1564
13 2537
13 2858
14 3087
14 2931
14 2716
14 2812
14 2181
14 3131
14 2750
14 3017
14 2959
14 3112
15 2835
15 2344
15 1231
15 693
15 2464
15 2611
15 2904
15 2929
15 2836
15 2253
16 243
16 1135
16 2438
16 2217
16 2890
16 3074
16 3157
16 3141
16 2378
16 3148
17 1223
17 1134
17 2253
17 1154
17 1658
17 3053
17 3054
17 2858
17 3080
17 1947
18 2138
18 670
18 1988
18 1826
18 1852
18 2156
18 2706
18 3074
18 243
18 1159
19 2570
19 2838
19 2433
19 1957
19 2557
19 3075
19 2973
19 950
19 1468
19 1601
20 2695
20 2524
20 2986
20 1563
20 2769
20 1457
20 2905
20 2232
20 2631
20 2888
21 2216
21 1491
21 2325
21 2189
21 3057
21 1462
21 2702
21 1650
21 2251
21 3086
22 2751
22 1915
22 2369
22 2913
22 2473
22 2384
22 2441
22 2564
22 2637
22 2638
23 3148
23 2276
23 2849
23 2406
23 2216
23 2081
23 2371
23 2596
23 2905
23 3082
24 1410
24 1194
24 1540
24 1696
24 2742
24 2767
24 1235
24 268
24 2882
24 1892
25 1728
25 2951
25 2268
25 1938
25 2990
25 2634
25 2318
25 3048
25 2711
25 1653
26 2938
26 3105
26 2716
26 2632
26 2541
26 1463
26 2939
26 2060
26 2626
26 1470
27 1752
27 2406
27 3050
27 2622
27 1751
27 2500
27 1698
27 2357
27 2864
27 1960
28 3032
28 2849
28 1846
28 2197
28 2949
28 2274
28 1695
28 3158
28 2515
28 2951
29 3021
29 2200
29 2232
29 2524
29 2695
29 1257
29 1497
29 3131
29 2138
29 2167
30 2876
30 3142
30 2871
30 2541
30 2864
30 2572
30 1470
30 2341
30 2931
30 1926
31 1891
31 2421
31 2283
31 2211
31 3047
31 1327
31 674
31 3015
31 2125
31 2826
32 2177
32 2289
32 2619
32 2630
32 2490
32 1504
32 3018
32 2980
32 1481
32 2172
33 3016
33 1954
33 2043
33 441
33 1692
33 397
33 2284
33 1271
33 2047
33 2548
34 1949
34 435
34 2722
34 2749
34 492
34 3166
34 1567
34 2709
34 1046
34 1524
35 1474
35 2681
35 2836
35 3175
35 2560
35 2516
35 2437
35 2645
35 2567
35 2932
36 2112
36 1265
36 2836
36 2110
36 2794
36 2733
36 2698
36 1399
36 1350
36 1170
37 2956
37 2632
37 2265
37 2527
37 2941
37 243
37 2957
37 1426
37 2850
37 3106
38 2867
38 2941
38 2582
38 2082
38 3148
38 2705
38 2356
38 2148
38 2380
38 2536
39 2940
39 2785
39 2082
39 1210
39 2527
39 2931
39 1589
39 1861
39 1262
39 1213
40 1485
40 1098
40 1470
40 2684
40 2705
40 2254
40 2003
40 1678
40 1988
40 1162
41 3148
41 2578
41 3137
41 3082
41 2849
41 2949
41 2816
41 52
41 88
41 1780
42 462
42 2991
42 2402
42 2215
42 2811
42 2711
42 1726
42 633
42 204
42 2561
43 2569
43 2754
43 3107
43 3052
43 2847
43 2455
43 2829
43 3125
43 2883
43 3098
44 2829
44 2523
44 1002
44 2751
44 533
44 2325
44 1653
44 2125
44 2754
44 2019
45 2957
45 2816
45 2860
45 1976
45 2765
45 2896
45 2846
45 2979
45 2978
45 2193
46 2990
46 1976
46 1032
46 2711
46 2835
46 1272
46 2561
46 1665
46 2568
46 2631
47 2979
47 1359
47 1699
47 2711
47 1032
47 2990
47 1506
47 2516
47 1415
47 2978
48 47
48 2850
48 1392
48 2325
48 2402
48 2142
48 2904
48 2522
48 3032
48 2273
49 3012
49 2390
49 2795
49 2319
49 3177
49 1541
49 2163
49 2318
49 616
49 2307
50 1680
50 2714
50 3075
50 3156
50 1811
50 2570
50 2645
50 2175
50 1960
50 1846
51 2570
51 3075
51 2714
51 3156
51 1811
51 2175
51 1728
51 2645
51 3006
51 2450
52 2721
52 104
52 1912
52 3048
52 2767
52 1637
52 1427
52 2902
52 2936
52 3070
53 1186
53 2229
53 679
53 139
53 514
53 569
53 2210
53 1609
53 1567
53 2420
54 2842
54 2326
54 2112
54 2703
54 3133
54 1471
54 949
54 2178
54 2470
54 2945
55 2921
55 2650
55 1355
55 1739
55 1896
55 1898
55 1993
55 1665
55 2838
55 1453
56 1665
56 2327
56 397
56 2449
56 1046
56 1453
56 2931
56 2112
56 2061
56 1678
57 3140
57 3077
57 196
57 1705
57 3008
57 2700
57 1132
57 2922
57 2850
57 1106
58 2634
58 1344
58 1691
58 1637
58 2525
58 1420
58 1629
58 1398
58 1695
58 2849
59 1112
59 144
59 1456
59 944
59 2688
59 1235
59 719
59 1408
59 1888
59 1264
60 2957
60 2816
60 2817
60 3087
60 2876
60 2882
60 2888
60 2812
60 2989
60 3164
61 634
61 2307
61 2711
61 1236
61 1927
61 1287
61 1976
61 2631
61 397
61 1046
62 1961
62 2720
62 1856
62 320
62 1368
62 1806
62 1725
62 1603
62 2326
62 678
63 3075
63 2557
63 2570
63 2896
63 2973
63 1846
63 2289
63 1957
63 1468
63 950
64 2651
64 1307
64 1717
64 1046
64 397
64 2993
64 2305
64 595
64 1051
64 2179
