1 1410
1 3077
1 1333
1 3181
1 2572
1 397
1 435
1 1391
1 2625
1 1280
2 3078
2 2863
2 2434
2 1046
2 397
2 3080
2 1145
2 2850
2 1345
2 1939
3 1154
3 1768
3 2858
3 3142
3 1134
3 2053
3 284
3 1223
3 1350
3 1029
4 3128
4 964
4 2470
4 1145
4 616
4 2931
4 2314
4 2684
4 2377
4 2341
5 2716
5 3127
5 972
5 1829
5 1978
5 2786
5 1571
5 1810
5 2370
5 2321
6 1664
6 695
6 2826
6 1113
6 1543
6 438
6 605
6 1234
6 2786
6 1365
7 2317
7 616
7 2376
7 1623
7 2106
7 435
7 1145
7 1595
7 944
7 2556
8 2849
8 3032
8 1611
8 2951
8 2371
8 2020
8 2219
8 2500
8 1752
8 1877
9 2454
9 2371
9 2849
9 2949
9 3158
9 2046
9 2892
9 2776
9 2274
9 1695
10 3194
10 1603
10 2433
10 1262
10 2785
10 2514
10 46
10 2195
10 3075
10 2266
11 2699
11 2081
11 2320
11 2593
11 2954
11 2956
11 3027
11 1043
11 3127
11 3171
12 3127
12 3196
12 2246
12 1930
12 40
12 2189
12 2277
12 2297
12 276
12 2365
13 2722
13 1542
13 2314
13 2944
13 3005
13 2559
13 2598
13 1886
13 1807
13 1223
14 2812
14 2716
14 3087
14 2860
14 2964
14 2314
14 2944
14 2337
14 3017
14 3164
15 1947
15 1886
15 2195
15 2716
15 2907
15 1676
15 3085
15 3057
15 2890
15 2944
16 3141
16 2421
16 243
16 3199
16 1003
16 2376
16 2931
16 1646
16 2890
16 1786
17 1223
17 1134
17 2053
17 1387
17 1658
17 1062
17 252
17 2871
17 1029
17 3115
18 2541
18 3112
18 2880
18 3005
18 1844
18 2651
18 2138
18 1613
18 1223
18 320
19 2060
19 2515
19 2557
19 2570
19 3156
19 3175
19 2433
19 2401
19 1957
19 2714
20 2695
20 2986
20 1457
20 2769
20 2780
20 2524
20 2905
20 1916
20 1563
20 1612
21 2703
21 2750
21 1206
21 2787
21 1641
21 2189
21 585
21 1491
21 637
21 2905
22 2751
22 2913
22 1915
22 2384
22 2441
22 2473
22 2564
22 2637
22 2638
22 2369
23 3072
23 2816
23 2798
23 2406
23 2936
23 2454
23 2032
23 298
23 492
23 1153
24 1194
24 1892
24 268
24 2742
24 2767
24 2882
24 1235
24 1435
24 1540
24 1696
25 3048
25 2318
25 2711
25 2452
25 1032
25 1517
25 2634
25 1728
25 2990
25 3028
26 2376
26 1805
26 2320
26 3128
26 2912
26 2150
26 2256
26 1198
26 1338
26 2618
27 2406
27 2582
27 2377
27 1752
27 1456
27 1751
27 2864
27 2378
27 1960
27 320
28 3032
28 2849
28 1003
28 1928
28 1890
28 3158
28 1685
28 1846
28 2274
28 1989
29 2927
29 3021
29 2200
29 3037
29 1834
29 1257
29 1497
29 63
29 116
29 1385
30 1651
30 2396
30 1272
30 2786
30 2341
30 1926
30 397
30 1824
30 1046
30 3181
31 2125
31 2829
31 2913
31 3047
31 1741
31 2283
31 2421
31 2211
31 2751
31 2826
32 3018
32 3139
32 2177
32 2155
32 1847
32 2619
32 1504
32 2630
32 2289
32 2980
33 2047
33 1954
33 2043
33 441
33 3016
33 1271
33 1692
33 758
33 1764
33 537
34 1046
34 1032
34 1354
34 3114
34 619
34 1676
34 2245
34 2265
34 2401
34 1949
35 2516
35 2560
35 2681
35 2437
35 2836
35 3175
35 1474
35 2931
35 2932
35 2645
36 1265
36 2112
36 2733
36 2110
36 2698
36 2702
36 1350
36 2836
36 1399
36 2794
37 2233
37 2376
37 2957
37 2265
37 2956
37 618
37 1398
37 2289
37 3141
37 2941
38 2815
38 2497
38 2859
38 2002
38 2941
38 2289
38 1364
38 2582
38 3148
38 2798
39 2082
39 1589
39 1213
39 1482
39 2527
39 2651
39 1869
39 1614
39 2810
39 2941
40 1485
40 2254
40 1614
40 2937
40 1470
40 2931
40 2940
40 1693
40 2850
40 2341
41 2849
41 3148
41 3119
41 3082
41 2914
41 1604
41 1951
41 2631
41 3137
41 3043
42 462
42 2402
42 2991
42 2215
42 2561
42 3132
42 204
42 633
42 2811
42 2370
43 2569
43 2455
43 1182
43 3098
43 3107
43 2692
43 2977
43 2924
43 2847
43 2883
44 2523
44 2829
44 1002
44 533
44 2751
44 2325
44 1653
44 974
44 2819
44 464
45 2816
45 2860
45 1552
45 2928
45 1976
45 2812
45 2193
45 2896
45 2833
45 2888
46 2631
46 1665
46 2561
46 2307
46 2990
46 2568
46 1411
46 1926
46 2711
46 185
47 1032
47 2990
47 2711
47 1359
47 1699
47 1415
47 1236
47 3067
47 1681
47 2561
48 1005
48 47
48 3087
48 2366
48 3032
48 1835
48 2019
48 2851
48 2684
48 3138
49 2795
49 2959
49 2390
49 1621
49 3012
49 2307
49 1653
49 1856
49 982
49 3177
50 1680
50 2175
50 2570
50 2973
50 2714
50 1613
50 3075
50 3156
50 2664
50 1811
51 2928
51 2570
51 2175
51 2714
51 1613
51 3075
51 3156
51 2973
51 3153
51 1751
52 2721
52 1541
52 2062
52 1680
52 2218
52 2829
52 3067
52 1572
52 3048
52 2749
53 2229
53 139
53 514
53 569
53 679
53 1186
53 2210
53 2986
53 2169
53 1194
54 2470
54 3133
54 2842
54 2703
54 3081
54 2396
54 2050
54 2931
54 2886
54 2112
55 2921
55 2998
55 2838
55 1355
55 1896
55 1898
55 1906
55 1993
55 2051
55 2650
56 1665
56 2051
56 2327
56 2449
56 2061
56 1453
56 2931
56 1154
56 2112
56 1678
57 3140
57 3077
57 196
57 1705
57 3008
57 2700
57 2922
57 1106
57 1614
57 1764
58 2634
58 3145
58 2970
58 1637
58 1206
58 1171
58 2961
58 1411
58 1398
58 3138
59 3053
59 1456
59 3041
59 2631
59 1112
59 2795
59 1665
59 2650
59 1700
59 944
60 3087
60 2957
60 3025
60 2816
60 2718
60 2860
60 2846
60 2888
60 2817
60 2876
61 1272
61 634
61 2307
61 2711
61 1927
61 2631
61 1236
61 3072
61 2947
61 2990
62 2924
62 2720
62 320
62 1961
62 1603
62 1806
62 2326
62 103
62 2979
62 2195
63 1846
63 320
63 2740
63 2570
63 2973
63 2289
63 2266
63 3075
63 2195
63 950
64 2651
64 1717
64 1307
64 1046
64 2051
64 3076
64 2572
64 2628
64 598
64 2688
