1 1591
1 1844
1 1525
1 1827
1 1811
1 1572
1 1605
1 1908
1 2003
1 2535
2 1665
2 3059
2 1379
2 531
2 670
2 1470
2 1727
2 2002
2 2905
2 2931
3 3077
3 1665
3 1366
3 1135
3 2233
3 2931
3 1098
3 2002
3 1727
3 2178
4 1665
4 2931
4 2233
4 1856
4 3077
4 2289
4 1727
4 2002
4 2342
4 1135
5 2233
5 1665
5 2931
5 2002
5 1856
5 1727
5 1366
5 3077
5 2003
5 2181
6 2233
6 2931
6 1665
6 3077
6 1727
6 2002
6 1856
6 1366
6 2916
6 2344
7 2233
7 1665
7 3077
7 2931
7 1856
7 1727
7 1003
7 2289
7 2344
7 2916
8 1591
8 1665
8 3087
8 2625
8 2951
8 637
8 1315
8 1408
8 2217
8 2289
9 1591
9 1665
9 1680
9 1928
9 2092
9 2864
9 3087
9 1827
9 2002
9 2470
10 1366
10 1162
10 1454
10 1525
10 2181
10 2645
10 2739
10 1543
10 1771
10 2289
11 1162
11 2923
11 2246
11 2906
11 3077
11 1366
11 2699
11 2717
11 3080
11 1188
12 1591
12 1680
12 2319
12 3087
12 1033
12 2379
12 2740
12 2092
12 2188
12 2344
13 2897
13 48
13 1362
13 2217
13 243
13 1652
13 397
13 675
13 2645
13 1066
14 2289
14 2181
14 2233
14 2916
14 1366
14 1135
14 2889
14 2344
14 1726
14 1727
15 2002
15 2233
15 1366
15 2931
15 1135
15 3077
15 1665
15 2344
15 1847
15 2181
16 1665
16 2002
16 1135
16 2233
16 2931
16 3077
16 2198
16 2344
16 1847
16 3002
17 2233
17 1665
17 1366
17 2002
17 2931
17 1135
17 3077
17 2344
17 2181
17 2198
18 1366
18 1665
18 1811
18 2645
18 3077
18 1162
18 1455
18 2233
18 2786
18 2289
19 2263
19 2714
19 2146
19 2884
19 2916
19 2767
19 2283
19 2289
19 2902
19 2110
20 1961
20 2263
20 1847
20 1856
20 2598
20 2289
20 2453
20 2554
20 2692
20 2701
21 1366
21 1525
21 1844
21 2263
21 2931
21 3077
21 796
21 1680
21 409
21 1543
22 1665
22 1366
22 2289
22 1525
22 1847
22 1844
22 2931
22 3049
22 1727
22 1856
23 1366
23 1844
23 1525
23 2263
23 1680
23 796
23 1543
23 1862
23 2060
23 2402
24 2342
24 1135
24 1588
24 2307
24 2912
24 2999
24 3043
24 3112
24 3120
24 1098
25 1366
25 2344
25 1844
25 2002
25 2233
25 3048
25 1665
25 2188
25 2181
25 3077
26 1591
26 1665
26 1680
26 3128
26 637
26 2344
26 1108
26 1476
26 2317
26 1033
27 1665
27 1725
27 2002
27 1856
27 3015
27 2198
27 2233
27 2344
27 1591
27 3048
28 2233
28 1665
28 3077
28 2931
28 1727
28 2916
28 2289
28 1856
28 2002
28 1366
29 1366
29 2229
29 2263
29 1679
29 2233
29 409
29 1768
29 1847
29 2031
29 2146
30 1856
30 2144
30 2344
30 2470
30 1665
30 2002
30 3002
30 1844
30 1591
30 2003
31 2233
31 2931
31 1665
31 1727
31 3077
31 1856
31 2002
31 1847
31 2470
31 1135
32 2233
32 1665
32 2931
32 1856
32 1727
32 2289
32 3077
32 2002
32 1847
32 2916
33 1665
33 2233
33 1856
33 2931
33 1727
33 2289
33 1847
33 3077
33 1003
33 2181
34 2931
34 1665
34 1847
34 1727
34 2851
34 2002
34 2233
34 1366
34 2289
34 2889
35 3077
35 2233
35 2002
35 2931
35 1366
35 1665
35 278
35 2289
35 2344
35 1135
36 1350
36 1265
36 2061
36 2739
36 1162
36 1366
36 1824
36 2110
36 2030
36 1454
37 1665
37 2233
37 1856
37 2931
37 2002
37 1727
37 2470
37 1003
37 1844
37 1847
38 1665
38 2931
38 1856
38 2233
38 1727
38 2470
38 1936
38 1003
38 1408
38 2002
39 2931
39 1856
39 1665
39 2233
39 2002
39 2178
39 1135
39 1366
39 1470
39 2198
40 2233
40 2931
40 1665
40 1727
40 1936
40 2916
40 616
40 1856
40 2060
40 1470
41 2233
41 1665
41 2289
41 2931
41 1366
41 1856
41 3077
41 3087
41 2342
41 2344
42 1366
42 1543
42 1844
42 3077
42 1381
42 1525
42 1653
42 2402
42 2812
42 1680
43 2233
43 1366
43 2002
43 1665
43 1844
43 2181
43 2289
43 2344
43 2931
43 1543
44 1366
44 2233
44 1543
44 1135
44 1404
44 1725
44 1003
44 1844
44 2181
44 1650
45 1665
45 2233
45 1856
45 2344
45 2931
45 2002
45 1194
45 2470
45 1135
45 1976
46 2233
46 1665
46 1856
46 2931
46 1727
46 2002
46 2344
46 2181
46 2198
46 2470
47 1665
47 1856
47 2344
47 2233
47 2931
47 1936
47 2002
47 1727
47 1844
47 1003
48 2233
48 3077
48 2931
48 1665
48 1856
48 1003
48 1727
48 1135
48 1543
48 2198
49 1665
49 2233
49 1727
49 2916
49 2931
49 1856
49 2002
49 2344
49 2198
49 1003
50 1811
50 1665
50 1457
50 1032
50 2175
50 2931
50 2990
50 1601
50 2289
50 2572
51 1665
51 1811
51 2714
51 1366
51 1924
51 2263
51 2723
51 2289
51 409
51 1680
52 1366
52 1928
52 2721
52 2931
52 2046
52 2233
52 3070
52 2979
52 3002
52 3077
53 2714
53 2144
53 278
53 2096
53 2986
53 1423
53 2031
53 717
53 2981
53 1501
54 3077
54 1665
54 2931
54 1856
54 1135
54 1366
54 1470
54 2002
54 2265
54 2046
55 1665
55 1135
55 1366
55 2002
55 2233
55 1856
55 2931
55 3077
55 2889
55 1650
56 2233
56 1856
56 1665
56 2931
56 3077
56 1366
56 1727
56 2002
56 2470
56 1135
57 3077
57 1856
57 2931
57 1665
57 2233
57 2470
57 1470
57 1727
57 2002
57 2344
58 1665
58 1366
58 3077
58 2233
58 1856
58 2002
58 2931
58 2470
58 3087
58 2314
59 1665
59 1856
59 2233
59 1366
59 2931
59 3077
59 2002
59 3087
59 2033
59 2289
60 1844
60 2002
60 1366
60 1856
60 695
60 1680
60 3087
60 2931
60 1591
60 1695
61 2233
61 1665
61 1727
61 1856
61 2931
61 2344
61 2916
61 2002
61 1725
61 1470
62 1856
62 1366
62 3087
62 2217
62 3077
62 1379
62 2164
62 2181
62 2233
62 2289
63 1366
63 2289
63 1525
63 2181
63 2263
63 1844
63 2893
63 3077
63 1543
63 1771
64 1665
64 2470
64 2002
64 2931
64 1390
64 2753
64 1847
64 1856
64 3002
64 796
