1 1844
1 1591
1 1680
1 1071
1 1572
1 1938
1 1908
1 2344
1 2535
1 1525
2 616
2 2317
2 1397
2 3080
2 1046
2 2483
2 1591
2 1623
2 1625
2 1651
3 1162
3 2652
3 2971
3 1496
3 1366
3 1454
3 2645
3 637
3 1647
3 2252
4 2939
4 2342
4 1476
4 3101
4 3128
4 2289
4 2438
4 2377
4 3043
4 1601
5 2985
5 2003
5 3011
5 1366
5 2035
5 2716
5 1272
5 1829
5 2314
5 2451
6 2424
6 1517
6 2826
6 2753
6 2828
6 3035
6 1543
6 2078
6 616
6 2202
7 3077
7 3091
7 2657
7 3043
7 3104
7 2342
7 2376
7 3014
7 1003
7 2314
8 1591
8 1680
8 2625
8 2951
8 2319
8 3087
8 1695
8 2622
8 2776
8 1033
9 1591
9 3068
9 1680
9 2319
9 2776
9 2849
9 2870
9 3087
9 1695
9 2188
10 1366
10 1162
10 1188
10 1525
10 1454
10 1844
10 2406
10 2971
10 1098
10 1543
11 1162
11 2923
11 3077
11 2246
11 1366
11 3080
11 1188
11 1454
11 2198
11 2208
12 1591
12 1680
12 2319
12 3087
12 1033
12 2379
12 2740
12 2092
12 2188
12 2344
13 2897
13 48
13 1362
13 1652
13 243
13 675
13 2033
13 3033
13 3080
13 2559
14 2263
14 2146
14 3011
14 2950
14 1961
14 2884
14 2916
14 3054
14 2344
14 2674
15 2897
15 3125
15 2263
15 2683
15 2900
15 3033
15 3085
15 2195
15 248
15 695
16 1591
16 1680
16 1665
16 2378
16 2740
16 2188
16 2452
16 3087
16 1412
16 2629
17 2897
17 48
17 1362
17 1652
17 243
17 675
17 1154
17 1425
17 2491
17 2527
18 1162
18 1665
18 1811
18 2897
18 2645
18 1135
18 1613
18 2652
18 1454
18 48
19 2263
19 2714
19 2146
19 2916
19 2884
19 2767
19 2283
19 2289
19 2902
19 2110
20 1961
20 1504
20 2263
20 2289
20 1847
20 2177
20 2701
20 2916
20 1423
20 1594
21 1525
21 2263
21 1844
21 1946
21 2061
21 1172
21 2004
21 2598
21 3166
21 1066
22 1525
22 3049
22 2924
22 2004
22 2263
22 1844
22 1946
22 2751
22 2827
22 2884
23 1525
23 1844
23 2263
23 1946
23 2004
23 2402
23 1951
23 2767
23 2914
23 3166
24 2342
24 1135
24 1588
24 2307
24 2912
24 2999
24 3043
24 3112
24 3120
24 1098
25 3048
25 2344
25 1844
25 2535
25 1591
25 2188
25 2859
25 1680
25 2318
25 3136
26 1591
26 1680
26 2344
26 972
26 2319
26 3128
26 1108
26 1033
26 2379
26 3087
27 1591
27 2798
27 1680
27 2319
27 3011
27 2859
27 2669
27 2740
27 2918
27 2985
28 3032
28 2890
28 2949
28 2776
28 2263
28 2598
28 1685
28 2849
28 2916
28 3069
29 1933
29 2031
29 2146
29 2263
29 2916
29 1679
29 1961
29 3037
29 1504
29 2229
30 1856
30 1591
30 3087
30 2344
30 2188
30 397
30 1033
30 1665
30 1680
30 2314
31 3047
31 533
31 1135
31 1098
31 2342
31 1346
31 1381
31 1543
31 2125
31 2314
32 3139
32 1504
32 2606
32 1145
32 1423
32 1847
32 1961
32 2177
32 2263
32 2273
33 2887
33 2697
33 1404
33 2555
33 2189
33 2554
33 2695
33 1143
33 2805
33 2884
34 1524
34 1644
34 397
34 1567
34 3114
34 1620
34 1633
34 1946
34 1386
34 1393
35 1386
35 1397
35 1946
35 2850
35 2263
35 3071
35 284
35 2767
35 2884
35 1197
36 1350
36 2061
36 1265
36 2110
36 1824
36 1162
36 2030
36 2739
36 1366
36 1768
37 2265
37 696
37 2406
37 2376
37 2314
37 2470
37 2342
37 2651
37 2882
37 1359
38 2265
38 2651
38 2939
38 2406
38 3103
38 1359
38 2046
38 2092
38 2470
38 696
39 2406
39 2178
39 2651
39 3105
39 2939
39 2940
39 2046
39 2265
39 3103
39 1162
40 2406
40 1588
40 1470
40 2651
40 616
40 1098
40 2060
40 2198
40 2314
40 1162
41 1951
41 1591
41 2344
41 2499
41 1680
41 2862
41 2188
41 2342
41 2535
41 2851
42 2402
42 3048
42 1525
42 1366
42 1543
42 1844
42 2215
42 2494
42 462
42 2535
43 1404
43 1525
43 2310
43 1366
43 1844
43 1543
43 1771
43 2402
43 824
43 1554
44 1366
44 1525
44 1404
44 1543
44 2144
44 1844
44 1771
44 2812
44 2829
44 1381
45 2344
45 3002
45 1591
45 1976
45 2319
45 1680
45 2188
45 1032
45 1194
45 2424
46 1457
46 2990
46 1032
46 329
46 2812
46 1699
46 891
46 3134
46 1516
46 1652
47 2344
47 1032
47 2882
47 2726
47 1591
47 2598
47 3134
47 1194
47 1680
47 2263
48 3077
48 1771
48 2314
48 1066
48 1525
48 2217
48 3130
48 2263
48 1543
48 2406
49 3134
49 1032
49 2882
49 1412
49 2288
49 1591
49 1699
49 1665
49 1680
49 1959
50 1811
50 3134
50 1032
50 1665
50 2288
50 891
50 1457
50 1699
50 1825
50 2714
51 1811
51 1924
51 2714
51 2862
51 1665
51 2263
51 1825
51 2863
51 3006
51 1613
52 3070
52 2721
52 1366
52 1928
52 3048
52 2862
52 2749
52 1261
52 2859
52 2851
53 2981
53 68
53 1381
53 1948
53 495
53 2931
53 2986
53 1862
53 2046
53 2210
54 3077
54 2939
54 2265
54 1470
54 2406
54 2651
54 2645
54 2217
54 2314
54 2470
55 1162
55 3064
55 1366
55 1135
55 1454
55 2406
55 2645
55 1098
55 1188
55 1665
56 1162
56 3077
56 1856
56 2645
56 1366
56 1703
56 2705
56 2842
56 2931
56 1454
57 3077
57 2939
57 2802
57 2217
57 3091
57 1962
57 71
57 1470
57 2850
57 3103
58 1591
58 2188
58 2344
58 2314
58 2003
58 2859
58 1665
58 1680
58 1885
58 2812
59 2905
59 1665
59 2033
59 3134
59 1700
59 1976
59 1194
59 1681
59 1703
59 1725
60 1844
60 3011
60 695
60 1366
60 1591
60 2188
60 3087
60 1518
60 1680
60 2859
61 1032
61 3134
61 849
61 2114
61 2437
61 2905
61 3002
61 2033
61 2307
61 2631
62 1961
62 2484
62 2931
62 1856
62 2046
62 2189
62 2598
62 2709
62 2716
62 2851
63 1525
63 1366
63 2263
63 1844
63 1946
63 1411
63 2004
63 2884
63 3166
63 950
64 1588
64 527
64 3112
64 2857
64 1853
64 2998
64 1878
64 2723
64 1549
64 1051
